RESULT:
acc     0.827116
bias    0.023414


acc bias
0.8987636566162109 -0.03738691285252571
0.4746386408805847 -0.1593332290649414
0.7219308614730835 -0.07027502357959747
0.8309808969497681 0.09538698196411133
0.9277687072753906 0.028680087998509407
0.7802998423576355 -0.07322389632463455
0.8765134215354919 -0.013787788338959217
0.7546477913856506 -0.04536490887403488
0.9599318504333496 -0.00410876190289855
0.8263505101203918 0.038376342505216
0.8035596013069153 0.13253803551197052
0.7424485683441162 0.021682262420654297
0.9101352691650391 -0.005090408492833376
0.7206148505210876 0.08887798339128494
0.5760645866394043 0.06063118577003479
0.877223014831543 -0.020098531618714333
0.9267159104347229 0.02369069494307041
0.7740218043327332 -0.007570289541035891
0.8622521162033081 0.0486040823161602
0.9311092495918274 -0.0009764498099684715
0.9542907476425171 0.00024316729104612023
0.7571015357971191 -0.02276655286550522
0.948392927646637 -0.004321116488426924
0.8523600101470947 -0.004665223415941
0.816139817237854 0.07496517151594162
0.9576992392539978 0.013535886071622372
0.9152293801307678 -0.02193720079958439
0.939130961894989 -0.01107372622936964
0.8139263987541199 0.04785481467843056
0.958209216594696 -0.004545023199170828
0.8982406258583069 5.174557736609131e-05
0.9245399236679077 0.021238580346107483
0.9214029312133789 0.0036371825262904167
0.7607448697090149 0.16043467819690704
0.8939036130905151 0.059478092938661575
0.7073920965194702 0.238862082362175
0.6005270481109619 -0.09323239326477051
0.7283716201782227 0.1292334347963333
0.7797746658325195 0.06310778856277466
0.8817934989929199 0.0703745111823082
0.7503848075866699 0.20752856135368347
0.8005255460739136 -0.01615251414477825
0.8962920308113098 0.006062000058591366
0.6507805585861206 0.040420468896627426
0.9117062091827393 -0.022531425580382347
0.8260396718978882 0.005091145168989897
0.8217760324478149 -0.11473923176527023
0.7577810287475586 0.02946307323873043
0.9428421258926392 0.0052168890833854675
0.8038685321807861 0.023141415789723396
0.6658431887626648 0.22002877295017242
0.8615114688873291 -0.013323578052222729
0.7606902122497559 -0.10066074877977371
0.7181109189987183 -0.02225382812321186
0.927393913269043 0.0037787570618093014
0.8348479270935059 0.026458578184247017
0.9245649576187134 -0.00038586670416407287
0.827256441116333 -0.03605080395936966
0.9459488391876221 0.0028928022366017103
0.8845934271812439 -0.0027325425762683153
0.9309557676315308 0.0027011840138584375
0.9282588362693787 -0.003684160765260458
0.9458685517311096 -0.005599571857601404
0.8192652463912964 0.015938108786940575
0.9247775077819824 -0.0007451248820871115
0.8138863444328308 0.05408516898751259
0.9439316987991333 -0.001067484961822629
0.8388601541519165 0.11686516553163528
0.834662675857544 -0.0026911485474556684
0.6791426539421082 -0.1023467555642128
0.7677613496780396 -0.1405508667230606
0.6902936697006226 0.026928411796689034
0.8251340985298157 -0.002661654958501458
0.7173815369606018 0.016394879668951035
0.8211543560028076 0.0017528337193652987
0.912749171257019 0.004876990802586079
0.7762404680252075 0.01319900806993246
0.6794131994247437 0.06744196265935898
0.35345637798309326 0.17155055701732635
0.9264243841171265 0.018179206177592278
0.8657589554786682 -0.006534544285386801
0.9210410714149475 0.03272007033228874
0.881782054901123 -0.04600981995463371
0.8479461669921875 0.020013608038425446
0.7759639620780945 -0.041963398456573486
0.8737436532974243 -0.03590518981218338
0.8098986148834229 -0.018770260736346245
0.9030473232269287 0.010739706456661224
0.7929275631904602 -0.026322830468416214
0.6304340362548828 -0.020784804597496986
0.8355627655982971 0.07724833488464355
0.9049508571624756 -0.028660979121923447
0.8273403644561768 0.0629282221198082
0.7967908382415771 0.1318843960762024
0.8698211908340454 0.010687191970646381
0.6462976932525635 -0.0345303975045681
0.8256649971008301 0.00014599277346860617
0.9020297527313232 0.016940677538514137
0.7576284408569336 0.08808257430791855
0.8296663761138916 -0.016880229115486145
0.4716397523880005 -0.15048545598983765
0.9533020853996277 0.012299698777496815
0.8741974830627441 -0.06302995979785919
0.9299349784851074 0.041973114013671875
0.9266547560691833 0.05068885162472725
0.8698738217353821 0.049560822546482086
0.9092591404914856 -0.010927856899797916
0.9390968680381775 0.003095516236498952
0.8575869202613831 -0.06026649475097656
0.925200343132019 0.004910145420581102
0.9032151699066162 0.056068938225507736
0.9412938952445984 0.01864580251276493
0.8718882203102112 0.0745331197977066
0.9002681374549866 -0.039702966809272766
0.8873701691627502 -0.00617241533473134
0.9096664190292358 -0.033067379146814346
0.9061304330825806 -0.0451914481818676
0.8925980925559998 -0.06168976053595543
0.934116780757904 -0.0015685077523812652
0.8578512668609619 0.05295887589454651
0.9072100520133972 0.022208746522665024
0.7018218040466309 0.13127802312374115
0.7235649824142456 -0.05709409713745117
0.6496211290359497 0.08852685242891312
0.8857479095458984 -0.009278285317122936
0.8808771371841431 0.056337807327508926
0.9426966905593872 -0.018693698570132256
0.881743311882019 0.034464456140995026
0.8721808791160583 -0.04489602893590927
0.9462359547615051 0.02176148071885109
0.8345466256141663 -0.01511243637651205
0.8153070211410522 -0.017855683341622353
0.9316270351409912 -0.022342117503285408
0.7843960523605347 -0.0353003665804863
0.9064745903015137 -0.054366011172533035
0.833262026309967 -0.10677153617143631
0.8242460489273071 -0.13356837630271912
0.8969116806983948 -0.06825830787420273
0.7897264957427979 0.09669963270425797
0.8725179433822632 -0.005404223687946796
0.7401944994926453 0.1140894666314125
0.9266226887702942 -0.05340727046132088
2.313671588897705 -0.3493092656135559
0.7385499477386475 -0.09359236061573029
0.916046142578125 0.00480997608974576
0.880037784576416 -0.024466486647725105
0.6695405840873718 0.019918549805879593
0.8614643812179565 -0.08535370230674744
0.8438376188278198 -0.0919782891869545
0.654639720916748 0.08790349215269089
0.8966077566146851 -0.03392868861556053
0.9090776443481445 -0.04806423932313919
0.8101019859313965 -0.08053644746541977
0.8437061309814453 -0.0883135199546814
0.823566198348999 -0.0041496045887470245
0.7429522275924683 -0.09350547194480896
0.3814358115196228 0.1424883008003235
0.7967199087142944 -0.03264487534761429
0.8319429755210876 -0.09784306585788727
0.9120994806289673 -0.007988964207470417
0.8380680680274963 -0.05596501752734184
0.9440277814865112 -0.013808200135827065
0.8635639548301697 -0.021764518693089485
0.9723587036132812 -0.0016648676246404648
0.849177896976471 -0.03299431502819061
0.8999732732772827 0.050352729856967926
0.849784255027771 0.03772509843111038
0.9052708148956299 0.03866824880242348
0.9449014067649841 -0.004865664057433605
0.7587730288505554 -0.053230833262205124
0.8106145858764648 0.018659858033061028
0.8987951874732971 -0.051679305732250214
0.736210823059082 0.11753515899181366
0.9115197062492371 0.03367284685373306
0.8919411301612854 -0.0037668575532734394
0.9420296549797058 -0.006355582736432552
0.7676661610603333 0.17106051743030548
0.7139938473701477 -0.029707463458180428
0.9205950498580933 0.05099976062774658
0.6867952346801758 -0.01885995641350746
0.9107575416564941 -0.02964016981422901
0.8006969094276428 -0.05618896335363388
0.6755102872848511 -0.02972162328660488
0.7465412616729736 -0.02321230061352253
0.8514184951782227 -0.10161142796278
0.8001202344894409 -0.008932681754231453
0.9217679500579834 -0.010344094596803188
0.9592182040214539 0.016099831089377403
0.7966606020927429 0.08132825046777725
0.9143555164337158 0.006240610033273697
0.8043701648712158 -0.08763343840837479
0.9440183639526367 -0.01708872616291046
0.8213320970535278 0.03899100795388222
0.8128452301025391 -0.006331998854875565
0.9407610297203064 -0.01742209680378437
0.834054172039032 -0.01986042782664299
0.934214174747467 0.026563286781311035
0.9292790293693542 0.029801364988088608
0.8671073913574219 -0.026361551135778427
0.8798639178276062 0.0508807934820652
0.7513487935066223 0.21773768961429596
0.753489077091217 -0.05253478139638901
0.5068410634994507 0.2168707400560379
0.8656429052352905 0.07099053263664246
0.546271800994873 0.08198043704032898
0.7280080318450928 0.0523405559360981
0.7259570360183716 0.06884327530860901
0.8945906758308411 0.05434338375926018
0.7751290798187256 -0.013851044699549675
0.7603652477264404 -0.005276869051158428
0.9016733169555664 -0.007422841619700193
0.6365453004837036 -0.040928613394498825
0.9011934995651245 0.08087369799613953
0.288199245929718 0.4580546021461487
0.858992874622345 -0.07396791875362396
0.779308557510376 0.13344527781009674
0.8909934163093567 0.041097305715084076
0.6883344054222107 -0.04410410672426224
0.9133291840553284 0.03651232644915581
0.8087421655654907 -0.014968224801123142
0.8717607259750366 -0.07440193742513657
0.81905198097229 -0.004830468911677599
0.7259179353713989 0.042908672243356705
0.7735863924026489 0.06681347638368607
0.8971921801567078 0.006656389683485031
0.9164898991584778 0.0024422756396234035
0.7689557671546936 0.12729068100452423
0.9030361771583557 -0.013312140479683876
0.8655861020088196 0.05627193674445152
0.8367025256156921 -0.016500253230333328
0.847151517868042 -0.010984443128108978
0.8396663665771484 0.04389161989092827
0.82317054271698 0.04079217463731766
0.8708258271217346 0.028842445462942123
0.763269305229187 0.15952540934085846
0.9180295467376709 -0.04436007887125015
0.9017255306243896 -0.005767577327787876
0.718651533126831 0.00046876209671609104
0.7821992635726929 -0.0860433354973793
0.8485993146896362 0.035146165639162064
0.8517633080482483 -0.024417724460363388
0.0 1.5822787284851074
0.9520366787910461 0.00017555765225552022
0.7571199536323547 -0.07854881882667542
0.9393137097358704 -0.011865523643791676
0.9525240659713745 0.004081006161868572
0.8011582493782043 0.10289847105741501
0.8710936307907104 0.04336405172944069
0.5861116647720337 -0.15281528234481812
0.9417299032211304 0.009080796502530575
0.8238618969917297 0.0463230200111866
0.9539976716041565 -0.010490699671208858
0.9447618126869202 -0.016426166519522667
0.6746749877929688 -0.0173830334097147
0.6196870803833008 0.19965766370296478
0.8812339901924133 0.031658247113227844
0.887070894241333 0.028090806677937508
0.8394219279289246 0.0021611505653709173
0.8309519290924072 -0.017635682597756386
0.8381860256195068 -0.08477063477039337
0.8930642008781433 0.029745956882834435
0.6961702108383179 0.13796879351139069
0.8543659448623657 0.03553330525755882
0.8670587539672852 -0.08708682656288147
0.9124920964241028 -0.030699947848916054
0.8552667498588562 0.10698303580284119
0.8993236422538757 0.02078082039952278
0.896668553352356 -0.03462466970086098
0.7686065435409546 0.09497034549713135
0.9267110228538513 -0.010129469446837902
0.8025570511817932 0.08005417883396149
0.8330651521682739 0.07541287690401077
0.7608838081359863 0.03303992748260498
0.816779375076294 0.0064275446347892284
0.9142634272575378 -0.03491964936256409
0.7534925937652588 -0.024890614673495293
0.8768037557601929 0.06880982965230942
0.8613905310630798 -0.08358626812696457
0.897290825843811 -0.0445823073387146
0.9470760822296143 -0.01087768841534853
0.7853310704231262 -0.09335494786500931
0.8667014241218567 0.001989765092730522
0.8865399956703186 -0.026105355471372604
0.833997905254364 -0.0950608104467392
0.9140924215316772 0.04223552718758583
0.6707955598831177 -0.07800634950399399
0.9471094608306885 -0.00929866824299097
0.785902202129364 0.13248591125011444
0.8208128809928894 0.020832369104027748
0.9302641153335571 0.025473305955529213
0.8025433421134949 -0.012206860817968845
0.949363648891449 -0.007133514620363712
0.8311141729354858 0.08847061544656754
0.803209125995636 -0.1270672231912613
0.9182942509651184 0.033441998064517975
0.9596589207649231 0.02733951061964035
0.7998875379562378 0.034135427325963974
0.95291668176651 -0.010537301190197468
0.7657790780067444 0.09554314613342285
0.903257429599762 0.010876454412937164
0.7767410278320312 0.029221562668681145
0.7748560905456543 -0.0002703357604332268
0.9334873557090759 0.018629664555191994
0.7231894731521606 0.12031619250774384
0.9099175930023193 -0.020047154277563095
0.7093226909637451 0.2039962112903595
0.9205322265625 -0.02380175143480301
0.8009932041168213 -0.04321938380599022
0.7797204256057739 0.011827792972326279
0.8007117509841919 -0.18551748991012573
0.8266656398773193 -0.11676962673664093
0.8143171668052673 -0.04223141819238663
0.7106674313545227 -0.18050701916217804
0.875429630279541 0.004939359147101641
0.9347739219665527 0.023229358717799187
0.8939714431762695 -0.0021927575580775738
0.8757876753807068 -0.05292344465851784
0.9294372200965881 -0.0018337937071919441
0.8384699821472168 0.010294153355062008
0.9305658936500549 0.004237351939082146
0.7822083234786987 0.15097016096115112
0.9361099600791931 -0.02920977585017681
0.884221613407135 0.043953005224466324
0.8906393051147461 0.03658789396286011
0.827556312084198 -0.07620197534561157
0.7971459031105042 -0.003853871952742338
0.3612270951271057 0.3813140392303467
0.8224495649337769 -0.014814148657023907
0.6960290670394897 0.08013482391834259
0.9592487215995789 -0.005108701065182686
0.6825414896011353 0.08136043697595596
0.8343173265457153 -0.09558366239070892
0.6463200449943542 -0.14096909761428833
0.7316756248474121 -0.12147919088602066
0.7948314547538757 0.1402527391910553
0.9417775273323059 -0.008539036847651005
0.7776424288749695 0.07801292836666107
0.9624459147453308 0.0012213117443025112
0.8932971358299255 0.008993864990770817
0.939126193523407 0.008627204224467278
0.9289078712463379 0.010885750874876976
0.9681580066680908 -0.016493817791342735
0.8386794924736023 0.028236066922545433
0.344038724899292 0.6559614539146423
0.8688244223594666 -0.027135519310832024
0.8684848546981812 -0.06561274081468582
0.8261443376541138 -0.02789359726011753
0.7713035941123962 -0.0742090716958046
0.6635371446609497 0.21369919180870056
0.2472778558731079 -0.35107165575027466
0.7541264295578003 0.1088598370552063
0.6802951097488403 -0.03798335790634155
0.6375020742416382 0.09334932267665863
0.7501704692840576 0.08122605830430984
0.92924565076828 0.008361400105059147
0.8375483751296997 -0.09103500097990036
0.869062066078186 -0.066993847489357
0.9154459834098816 -0.03182041272521019
0.7338888645172119 -0.12292257696390152
0.0 3.9385056495666504
0.7376801371574402 -0.04780188947916031
0.8681919574737549 -0.014412338845431805
0.8987636566162109 -0.03738691285252571